# Directed graph (each unordered pair of nodes is saved once): roadNet-PA.txt 	
# Pennsylvania road network	
# Nodes: 1088092 Edges: 3083796	
# FromNodeId	ToNodeId
0	1
0	6309
0	6353
1	0
6353	0
6353	6354
6353	6364
6353	6386
6309	0
6309	6310
6309	6344
2	3
2	4
2	7
3	2
3	309
4	2
4	273
4	274
4	388
7	2
7	8
7	16
7	3998
309	3
309	6
309	274
309	1060390
273	4
273	3861
273	3862
273	3872
274	4
274	309
274	3862
274	1060215
388	4
388	389
388	4005
388	4006
5	6
5	8
5	9
6	5
6	305
6	309
6	310
6	1060307
9	5
9	12
9	10464
8	5
8	7
305	6
310	6
310	15
310	311
1060307	6
1060307	1060308
1060307	1087545
16	7
16	17
16	18
3998	7
3998	3999
3998	4006
12	9
12	13
12	14
10464	9
10464	311
10	11
10	22
10	77
11	10
11	44
22	10
22	44
22	58
22	69
77	10
77	76
77	197
44	11
44	22
44	45
44	51
13	12
14	12
14	15
14	20
15	14
15	310
15	312
20	14
20	19
20	24
20	312
312	15
312	20
312	26
312	1060297
17	16
18	16
18	24
18	266
266	18
266	303
24	18
24	20
24	23
24	303
19	20
19	21
19	23
19	25
21	19
23	19
23	24
23	38
25	19
25	26
25	29
58	22
58	50
58	70
69	22
69	70
69	76
69	83
38	23
38	39
38	52
303	24
303	39
303	266
303	304
26	25
26	37
26	312
26	1060297
29	25
29	27
29	314
37	26
37	36
37	313
37	1059795
1060297	26
1060297	312
1060297	1059754
1060297	1059796
27	28
27	29
27	30
28	27
30	27
30	31
30	32
314	29
314	315
314	316
31	30
32	30
32	33
32	34
33	32
34	32
34	35
34	36
35	34
36	34
36	37
36	40
36	313
40	36
40	45
40	67
313	36
313	37
313	276
313	1059823
1059795	37
1059795	1059796
1059795	1059803
39	38
39	303
39	317
39	4027
52	38
52	53
52	71
52	132
4027	39
4027	304
4027	4004
4027	4299
317	39
317	72
317	4041
317	4055
67	40
45	40
45	44
45	275
45	279
41	42
41	43
41	57
42	41
42	279
42	8841
43	41
57	41
57	56
57	64
57	75
8841	42
279	42
279	45
279	53
51	44
51	50
275	45
275	276
275	284
46	47
46	56
46	59
47	46
47	55
47	60
56	46
56	57
56	65
59	46
59	60
59	65
59	68
55	47
55	49
55	54
60	47
60	54
60	59
48	49
48	54
48	63
48	277
49	48
49	55
54	48
54	55
54	60
54	62
277	48
277	53
277	326
63	48
63	62
50	51
50	58
50	61
61	50
61	70
61	81
53	52
53	277
53	278
53	279
71	52
71	72
71	319
132	52
132	151
132	152
278	53
278	148
278	156
62	54
62	63
62	68
65	56
65	59
65	75
65	78
64	57
64	66
64	80
75	57
75	65
75	80
75	82
70	58
70	61
70	69
70	93
68	59
68	62
68	78
81	61
81	79
81	93
81	95
66	64
66	73
66	86
80	64
80	75
80	86
80	87
78	65
78	68
78	82
73	66
73	74
73	79
86	66
86	80
86	89
86	94
76	69
76	77
76	88
76	198
83	69
83	88
83	92
93	70
93	81
93	92
72	71
72	317
72	318
319	71
319	320
319	4052
318	72
74	73
79	73
79	81
79	89
82	75
82	78
82	87
82	106
88	76
88	83
88	96
88	387
198	76
198	197
198	10925
197	77
197	198
197	387
89	79
89	86
89	95
89	97
87	80
87	82
87	94
87	99
95	81
95	89
95	101
95	102
106	82
106	105
92	83
92	93
92	96
92	98
84	85
84	352
84	9833
85	84
85	853
85	895
352	84
9833	84
9833	907
9833	7597
9833	9836
853	85
895	85
895	896
895	2726
94	86
94	87
94	97
94	108
99	87
99	100
99	105
99	3558
96	88
96	92
96	103
96	104
387	88
387	197
97	89
97	94
97	102
97	107
90	91
90	297
90	400
90	1520
90	1642
91	90
91	295
91	297
91	345
297	90
297	91
297	257
297	293
1520	90
400	90
400	397
400	1642
1642	90
1642	400
1642	5901
295	91
295	296
295	298
295	382
345	91
345	344
345	382
345	403
98	92
98	101
98	104
108	94
108	100
108	107
108	110
101	95
101	98
101	112
101	2339
102	95
102	97
102	111
102	113
103	96
103	115
103	124
104	96
104	98
104	115
104	120
107	97
107	108
107	113
107	346
100	99
100	108
100	109
105	99
105	106
105	9062
3558	99
109	100
109	110
109	118
2339	101
2339	112
2339	120
112	101
112	111
112	2339
111	102
111	112
111	119
111	122
113	102
113	107
113	114
113	121
115	103
115	104
115	120
115	123
115	128
124	103
124	123
124	347
120	104
120	115
120	119
120	2339
9062	105
9062	117
346	107
346	110
110	108
110	109
110	346
118	109
118	116
119	111
119	120
119	125
122	111
122	121
122	125
122	127
114	113
121	113
121	122
121	126
123	115
123	124
123	136
128	115
128	125
128	138
116	117
116	118
116	133
117	116
117	9062
133	116
125	119
125	122
125	128
125	129
126	121
126	127
126	130
127	122
127	126
127	129
127	134
136	123
136	135
136	347
347	124
347	136
129	125
129	127
129	137
130	126
130	131
130	134
134	127
134	130
134	137
134	142
138	128
138	137
138	144
138	8855
137	129
137	134
137	138
137	145
131	130
151	132
151	153
151	156
152	132
152	153
152	154
142	134
142	141
142	145
135	136
135	284
135	8946
284	135
284	275
284	406
284	1059853
8946	135
8946	411
8946	2342
8946	8947
145	137
145	142
145	143
144	138
144	143
144	177
144	8862
8855	138
8855	140
8855	8862
139	140
139	2342
139	8862
140	139
140	8855
2342	139
2342	8946
8862	139
8862	144
8862	8855
8862	9824
141	142
141	143
141	325
143	141
143	144
143	145
325	141
325	324
325	8951
177	144
146	147
146	148
146	149
147	146
147	148
147	150
147	412
148	146
148	147
148	278
148	324
149	146
149	150
149	161
412	147
412	322
412	10926
150	147
150	149
150	406
150	411
324	148
324	322
324	325
161	149
161	175
161	328
411	150
411	8946
411	8949
406	150
406	284
406	285
156	151
156	155
156	278
156	4323
153	151
153	152
153	154
153	8945
154	152
154	153
8945	153
155	156
155	157
155	166
157	155
157	162
157	170
166	155
166	165
166	332
4323	156
4323	4091
4323	4138
162	157
170	157
170	171
170	4137
158	159
158	160
158	280
159	158
159	280
159	282
160	158
280	158
280	159
280	281
280	1059924
282	159
282	283
175	161
175	173
175	178
328	161
328	327
328	4478
328	8933
163	164
163	165
163	180
164	163
164	180
164	327
165	163
165	166
165	171
180	163
180	164
180	179
327	164
327	328
327	329
327	4477
171	165
171	170
171	4139
332	166
167	168
167	169
167	172
168	167
168	281
168	286
168	1059923
169	167
172	167
172	176
172	292
286	168
286	292
286	1060295
281	168
281	280
281	1059924
1059923	168
1059923	1059924
1059923	1059925
1059923	1059965
4137	170
4137	4138
4137	4150
4139	171
4139	334
4139	4502
176	172
176	173
176	178
292	172
292	286
292	291
292	1059987
173	174
173	175
173	176
174	173
178	175
178	176
178	181
181	178
181	182
181	183
179	180
179	184
179	185
184	179
185	179
185	183
185	186
182	181
183	181
183	185
183	291
291	183
291	289
291	292
291	1060013
186	185
186	187
186	188
187	186
187	333
187	336
188	186
188	194
188	289
333	187
333	334
333	335
336	187
194	188
194	195
194	361
289	188
289	291
289	362
289	1060014
189	190
189	191
189	193
190	189
190	5294
190	5297
191	189
191	4444
191	4454
193	189
193	192
193	9967
5294	190
5294	10525
5294	10937
5297	190
5297	4356
5297	4444
5297	10525
4454	191
4454	4356
4454	4506
4444	191
4444	4356
4444	5297
4444	10526
192	193
192	196
192	10687
196	192
196	195
196	10400
10687	192
10687	4212
10687	10696
9967	193
9967	9968
9967	10417
195	194
195	196
195	338
361	194
361	200
361	362
361	377
338	195
338	337
338	9407
10400	196
10400	10417
10925	198
199	200
199	205
199	206
200	199
200	361
200	373
200	376
206	199
206	207
206	210
205	199
205	204
373	200
373	290
373	374
373	375
376	200
376	207
376	377
376	391
201	202
201	203
201	204
201	213
202	201
202	208
202	383
203	201
203	383
204	201
204	205
204	210
204	212
213	201
213	208
213	212
213	222
208	202
208	209
208	213
208	214
383	202
383	203
210	204
210	206
210	211
210	215
212	204
212	213
212	215
212	221
207	206
207	376
207	1203
1203	207
1203	211
1203	360
209	208
209	287
209	288
209	290
214	208
214	222
214	299
287	209
287	290
287	372
287	1060078
288	209
288	298
288	302
290	209
290	287
290	373
290	375
211	210
211	220
211	223
211	1203
215	210
215	212
215	223
215	226
223	211
223	215
223	229
223	231
220	211
220	218
220	231
220	360
221	212
221	222
221	226
221	243
222	213
222	214
222	221
299	214
299	243
299	298
226	215
226	221
226	229
226	350
216	217
216	225
216	227
216	10893
217	216
217	219
217	224
225	216
225	228
225	233
227	216
227	224
227	233
227	236
10893	216
224	217
224	218
224	227
224	234
219	217
219	218
219	360
218	219
218	220
218	224
218	230
230	218
230	231
230	234
230	237
360	219
360	220
360	1203
231	220
231	223
231	230
231	238
243	221
243	241
243	299
243	350
229	223
229	226
229	238
234	224
234	230
234	236
234	239
228	225
228	232
228	235
233	225
233	227
233	235
233	240
350	226
350	242
350	243
350	351
236	227
236	234
236	240
232	228
232	1355
232	1380
235	228
235	233
235	244
238	229
238	231
238	237
237	230
237	238
237	239
237	343
1355	232
1380	232
240	233
240	236
240	244
240	245
239	234
239	237
239	245
239	264
244	235
244	240
244	246
244	357
343	237
245	239
245	240
245	246
264	239
264	265
264	397
264	4374
241	242
241	243
241	296
242	241
242	350
242	356
296	241
296	295
296	384
356	242
357	244
357	248
357	359
246	244
246	245
246	359
359	246
359	357
359	358
247	248
247	249
247	259
247	405
248	247
248	357
248	358
249	247
249	250
249	251
259	247
259	258
259	1371
405	247
405	250
405	391
358	248
358	359
250	249
250	263
250	405
250	4211
251	249
251	258
251	263
4211	250
4211	4207
4211	4212
263	250
263	251
263	262
263	4245
258	251
258	259
258	265
252	253
252	254
252	256
253	252
253	294
253	10841
254	252
254	10755
254	10757
256	252
256	255
256	293
256	341
294	253
294	293
294	10841
10841	253
10841	294
10841	10756
10755	254
10755	10756
10755	10757
10757	254
10757	10755
10757	10941
255	256
255	257
255	260
257	255
257	297
257	10721
260	255
260	261
260	340
293	256
293	294
293	297
293	10721
341	256
341	340
341	342
341	416
10721	257
10721	293
265	258
265	264
265	1371
1371	259
1371	265
1371	1372
261	260
261	344
340	260
340	341
340	348
344	261
344	345
262	263
4245	263
4245	4243
4245	4244
4245	4374
397	264
397	400
397	420
4374	264
4374	525
4374	4245
4374	7666
267	268
267	269
267	306
267	321
268	267
268	269
268	321
268	1410
306	267
306	1401
306	10470
269	267
269	268
269	321
269	1400
321	267
321	268
321	269
1410	268
1410	1391
1410	1409
1410	1416
1400	269
1400	1401
1400	1591
270	271
270	272
270	404
270	1666
271	270
271	595
271	10476
272	270
272	595
272	10109
404	270
404	407
404	425
404	1398
1666	270
1666	1665
1666	1746
1666	10109
595	271
595	272
595	1386
10476	271
10476	1394
10109	272
10109	1666
10109	10108
10109	388461
3861	273
3861	4285
3861	4286
3862	273
3862	274
3862	448
3862	1068258
3872	273
3872	389
3872	3871
3872	4286
1060215	274
1060215	1059684
1060215	1060202
1060215	1087433
276	275
276	313
276	1059812
1059812	276
1059812	1059803
1059812	1059811
1059812	1060231
326	277
1059924	280
1059924	281
1059924	1059923
1059924	1059925
283	282
283	285
283	1059870
285	283
285	406
1059870	283
1059870	1059853
1059870	1059873
1059853	284
1059853	1059852
1059853	1059870
1060295	286
1060295	1059965
1060295	1059988
1060295	1060035
372	287
372	371
1060078	287
1060078	1060015
1060078	1060079
298	288
298	295
298	299
298	803
302	288
302	300
302	371
302	401
362	289
362	361
362	367
1060014	289
1060014	1060013
1060014	1060404
375	290
375	373
375	374
1060013	291
1060013	1060014
1060013	1060015
1059987	292
1059987	1059988
1059987	1059992
382	295
382	345
382	802
384	296
803	298
803	402
803	841
300	301
300	302
300	368
300	370
301	300
301	401
301	1075
368	300
368	369
368	370
370	300
370	368
370	371
370	1062480
401	301
401	302
401	402
401	825
1075	301
1075	1020
1075	1570
371	302
371	370
371	372
304	303
304	4027
304	7600
7600	304
10470	306
10470	1398
10470	10471
1401	306
1401	1400
1401	10471
307	308
307	4114
307	4479
307	4579
308	307
308	10614
4114	307
4114	4069
4114	4115
4479	307
4479	4110
4479	4480
4579	307
4579	4577
4579	4578
10614	308
10614	4070
10614	10699
1060390	309
1060390	1087546
1060390	1087547
311	310
311	10464
1059823	313
315	314
316	314
4041	317
4041	4012
4041	4400
4055	317
4055	4054
4055	4401
320	319
4052	319
4052	4053
4052	4066
322	323
322	324
322	412
323	322
8951	325
8951	9403
8951	9404
329	327
329	330
329	4144
4477	327
4477	4478
4477	10758
8933	328
8933	8776
8933	8931
4478	328
4478	4477
4478	10758
330	329
330	331
4144	329
4144	10015
331	330
331	8775
8775	331
8775	8776
8775	8931
334	333
334	4139
334	4149
335	333
4149	334
4149	4150
4149	4503
4149	10506
337	338
337	339
337	377
339	337
377	337
377	361
377	376
377	391
9407	338
348	340
348	349
348	416
342	341
416	341
416	348
416	415
416	488
403	345
403	825
403	841
403	1020
349	348
351	350
353	354
353	355
353	7831
354	353
354	508
354	509
355	353
7831	353
7831	7849
7831	8747
508	354
508	439
508	510
509	354
509	513
509	514
367	362
367	374
363	364
363	991
363	4116
364	363
364	1001
364	1009
364	8892
991	363
991	993
991	8464
4116	363
4116	4018
4116	8457
1001	364
1001	8447
1001	9077
1009	364
1009	1021
1009	1027
1009	1028
8892	364
365	366
365	5117
365	9332
365	10361
366	365
366	4109
366	4177
9332	365
9332	5854
9332	9331
10361	365
10361	5062
10361	5131
5117	365
5117	4891
5117	5854
4109	366
4177	366
374	367
374	373
374	375
369	368
369	419
369	486
419	369
419	417
419	486
419	487
486	369
486	419
486	487
486	1062480
1062480	370
1062480	486
1062480	1087517
391	376
391	377
391	405
378	379
378	4499
378	10425
379	378
4499	378
4499	4498
4499	10252
10425	378
380	381
380	1534
380	1539
380	1550
380	4585
381	380
381	1364
381	1550
381	10141
1539	380
1539	1540
1539	1541
1534	380
1534	1535
1534	1541
1550	380
1550	381
1550	1535
1550	1547
4585	380
4585	3471
4585	4588
4585	10141
1364	381
1364	1547
1364	1552
10141	381
10141	1640
10141	4585
10141	10142
802	382
802	920
802	992
385	386
385	390
385	392
386	385
386	410
386	630
386	631
390	385
390	392
390	410
390	2161
392	385
392	390
392	1327
630	386
630	631
630	686
630	10451
630	388440
631	386
631	630
631	707
631	388438
410	386
410	390
410	1769
410	2164
389	388
389	3872
389	3939
4006	388
4006	3998
4006	4004
4006	4294
4005	388
4005	3982
4005	4004
4005	4297
3939	389
3939	3873
3939	3938
3939	4290
2161	390
1327	392
1327	914
1327	1390
1327	1424
393	394
393	1095
393	1488
393	1699
394	393
394	398
394	1469
394	1488
1699	393
1699	1455
1699	1456
1095	393
1095	1096
1095	1463
1095	3473
1488	393
1488	394
1488	10810
1469	394
1469	1468
1469	1697
398	394
398	399
398	1468
398	10346
395	396
395	6485
395	6489
396	395
396	6484
396	6700
6485	395
6485	6486
6485	6489
6489	395
6489	6485
6489	6486
6484	396
6484	2680
6484	6526
6700	396
6700	6677
6700	6698
6700	6699
420	397
420	421
420	524
399	398
399	1467
399	1472
399	10810
1468	398
1468	1469
1468	10346
10346	398
10346	1468
10346	1472
10346	1697
1467	399
1467	1461
1467	1471
1472	399
1472	1471
1472	10346
10810	399
10810	1488
402	401
402	803
402	825
825	401
825	402
825	403
825	1020
1020	403
1020	825
1020	1075
841	403
841	803
841	1073
407	404
407	408
407	425
425	404
425	407
425	1396
1398	404
1398	5169
1398	10470
1398	10471
408	407
408	409
408	1386
409	408
409	1592
409	1667
409	389465
1386	408
1386	595
1386	1394
1386	389434
1667	409
1667	1421
1667	1592
1592	409
1592	1422
1592	1591
1592	1667
389465	409
2164	410
2164	680
2164	1785
2164	2162
1769	410
1769	1768
1769	10437
8949	411
8949	8833
8949	8947
10926	412
413	414
413	418
413	489
414	413
414	489
414	490
414	491
489	413
489	414
489	602
489	604
418	413
418	417
418	10837
490	414
490	491
490	603
490	1060395
491	414
491	490
491	596
415	416
415	421
415	422
422	415
422	426
421	415
421	420
421	504
488	416
488	424
488	428
417	418
417	419
417	505
505	417
505	494
505	506
10837	418
487	419
487	486
487	596
524	420
524	525
524	526
524	7705
504	421
426	422
426	427
423	424
423	428
423	430
424	423
424	430
424	488
424	494
430	423
430	424
430	429
430	434
428	423
428	427
428	488
428	496
494	424
494	505
494	507
1396	425
1396	1397
1396	1686
427	426
427	428
427	432
432	427
432	456
432	515
496	428
496	456
496	495
429	430
429	431
429	434
431	429
431	443
431	10838
434	429
434	430
434	433
434	443
443	431
443	433
443	434
443	492
10838	431
456	432
456	455
456	496
515	432
515	440
515	511
433	434
433	443
433	492
433	10725
492	433
492	443
492	493
492	527
10725	433
10725	590
10725	10727
435	436
435	437
435	438
436	435
436	527
436	529
437	435
438	435
438	536
438	600
438	1062473
527	436
527	492
527	528
529	436
536	438
536	534
536	594
536	1062554
600	438
600	599
600	1062530
1062473	438
1062473	1090015
1062473	1090016
439	440
439	452
439	508
440	439
440	515
440	601
452	439
452	451
452	516
601	440
601	10843
601	10844
441	442
441	445
441	4582
442	441
4582	441
4582	10903
4582	10904
445	441
445	444
445	10263
444	445
444	446
444	10283
446	444
10283	444
10283	4620
10283	10263
10263	445
10263	4594
10263	4950
10263	10283
447	448
447	3791
447	1087521
448	447
448	3862
448	4285
448	1068257
3791	447
3791	1307
3791	3790
3791	1068256
1087521	447
4285	448
4285	3790
4285	3861
4285	4286
1068257	448
449	450
449	485
449	4587
450	449
450	6748
450	6792
485	449
485	5907
485	5909
485	9113
4587	449
4587	5907
4587	6820
6748	450
6748	6749
6748	6754
6792	450
6792	6793
6792	6834
451	452
516	452
453	454
453	8265
453	1067915
454	453
454	498
454	7530
8265	453
8265	576
8265	8465
1067915	453
498	454
498	499
498	8942
7530	454
7530	7529
7530	8465
455	456
455	457
455	462
457	455
457	458
457	521
462	455
462	522
462	587
462	588
458	457
458	459
458	461
458	520
521	457
521	460
521	522
461	458
461	459
461	460
459	458
459	460
459	461
520	458
460	459
460	461
460	521
522	462
522	521
522	523
587	462
587	585
587	588
587	1060651
588	462
588	587
588	589
588	1060648
463	464
463	467
463	580
464	463
464	538
464	539
467	463
580	463
580	469
580	581
580	1060691
538	464
539	464
465	466
465	7912
465	8788
466	465
7912	465
7912	7913
7912	7916
8788	465
468	469
468	470
468	7936
469	468
469	579
469	580
469	1061959
470	468
7936	468
7936	7916
7936	7957
579	469
579	577
579	7957
579	1061959
1061959	469
1061959	579
1061959	1060690
1061959	1060691
471	472
471	475
472	471
472	573
475	471
475	484
475	575
573	472
573	574
573	576
573	1060791
473	474
473	1580
473	2491
473	3499
474	473
474	2491
474	3500
1580	473
1580	3500
1580	4421
2491	473
2491	474
2491	3499
3499	473
3499	2491
3499	3498
3500	474
3500	1580
3500	7670
484	475
484	8563
575	475
575	572
575	8039
575	1060920
476	477
476	497
476	4645
477	476
477	500
477	530
477	4658
497	476
497	4659
497	4979
497	497225
4645	476
4645	500
4645	5069
4645	497321
500	477
500	4645
500	4646
500	4647
4658	477
4658	4657
4658	4659
530	477
530	531
530	4657
530	4662
478	479
478	775
478	776
478	807
479	478
775	478
775	776
775	1049
775	389113
776	478
776	775
776	1053
776	389115
807	478
807	798
807	809
480	481
481	480
481	554
481	556
481	1062471
554	481
554	553
554	555
554	1061350
556	481
556	555
556	557
556	1061215
1062471	481
482	483
483	482
483	548
483	550
483	1061691
548	483
548	547
548	549
548	1061767
550	483
550	551
550	552
550	1061691
1061691	483
1061691	550
1061691	1061685
8563	484
8563	8010
8563	8021
8563	8039
5909	485
5909	5907
5909	9113
5907	485
5907	4587
5907	5909
9113	485
9113	5909
596	487
596	491
602	489
602	603
602	604
602	1062479
604	489
604	602
604	605
604	1061921
603	490
603	602
603	1089992
1060395	490
1060395	1060396
1060395	1060397
493	492
507	494
495	496
4659	497
4659	4657
4659	4658
4979	497
4979	4978
4979	5154
4979	497264
497225	497
497225	497226
497225	497264
499	498
499	577
499	8557
499	1060758
8942	498
8942	7529
577	499
577	578
577	579
577	1061979
8557	499
8557	7986
8557	8547
8557	8675
1060758	499
1060758	1060757
1060758	1061979
1060758	1061982
4646	500
4646	4639
4646	4647
4646	4963
4647	500
4647	533
4647	4646
4647	4960
501	502
501	503
502	501
502	540
502	542
502	1062084
503	501
503	540
540	502
540	503
540	541
540	1062090
542	502
542	543
542	8445
542	1062083
1062084	502
1062084	1062083
1062084	1062088
506	505
510	508
513	509
513	10843
514	509
511	512
511	515
512	511
512	8789
8789	512
10843	513
10843	601
517	518
517	519
517	8908
518	517
519	517
8908	517
8908	8885
8908	8887
8908	10571
523	522
525	524
525	4374
526	524
7705	524
7705	7694
7705	7706
7705	8511
528	527
531	530
531	4975
531	4977
531	4978
4662	530
4662	4663
4662	4669
4657	530
4657	4658
4657	4659
4978	531
4978	4979
4978	5160
4975	531
4975	4976
4975	4977
4977	531
4977	4972
4977	4974
4977	4975
532	533
532	537
532	4642
532	4961
533	532
533	4647
533	4960
533	4961
537	532
537	4971
537	4974
4642	532
4642	4608
4642	4641
4642	4648
4961	532
4961	533
4961	10316
4961	10330
4960	533
4960	4647
4960	4971
534	535
534	536
534	594
535	534
535	594
535	605
535	1061919
594	534
594	535
594	536
594	1084969
605	535
605	604
605	606
605	1061921
1061919	535
1061919	1060543
1061919	1061920
1061919	1061921
1062554	536
4974	537
4974	4972
4974	4977
4971	537
4971	4960
4971	10359
541	540
541	10317
1062090	540
1062090	1061871
1062090	1062089
10317	541
10317	8445
10317	10318
10317	1061870
543	542
543	544
543	547
543	1062078
543	1062098
8445	542
8445	8446
8445	10317
1062083	542
1062083	1061814
1062083	1062078
1062083	1062084
544	543
544	549
544	8385
547	543
547	548
547	1061766
1062078	543
1062078	1061802
1062078	1062083
1062098	543
1062098	1061766
1062098	1061773
1062098	1061802
8385	544
8385	8365
8385	8384
8385	8613
549	544
549	548
549	8365
549	8391
545	546
545	9102
545	9115
546	545
546	1998
546	9118
9115	545
9115	1378
9115	9105
9102	545
9102	9101
9102	9376
1998	546
1998	1997
1998	9108
9118	546
9118	1378
9118	2097
1061766	547
1061766	1061767
1061766	1061773
1061766	1062098
1061767	548
1061767	1061766
1061767	1062076
1061767	1062077
8391	549
8365	549
8365	551
8365	8372
8365	8385
551	550
551	8360
551	8365
552	550
552	553
552	8330
552	1061440
8360	551
8360	8373
8360	8601
8360	8602
553	552
553	554
553	8586
553	1061441
8330	552
8330	8329
8330	8854
1061440	552
1061440	1061441
1061440	1061466
8586	553
8586	8585
8586	8682
8586	8683
1061441	553
1061441	1061440
1061441	1062049
1061441	1062399
555	554
555	556
555	8266
555	8683
1061350	554
1061350	1061351
1061350	1061388
8266	555
8266	8260
8266	8279
8683	555
8683	8279
8683	8586
557	556
557	558
557	1062165
1061215	556
1061215	1061214
1061215	1061216
1061215	1062165
558	557
558	559
558	8280
558	1062472
1062165	557
1062165	1061215
1062165	1062163
1062165	1062570
559	558
559	597
559	598
559	1062472
8280	558
8280	8261
8280	10851
1062472	558
1062472	559
1062472	1062493
1062472	1062570
597	559
597	10547
597	1084862
598	559
598	8277
598	10549
598	10851
560	561
560	8203
560	10547
560	1061118
561	560
561	564
561	8171
561	1061081
8203	560
8203	8204
8203	9048
10547	560
10547	597
10547	10548
1061118	560
1061118	1061097
1061118	1061121
1061118	1084863
564	561
564	562
564	8157
8171	561
8171	8157
8171	8173
8171	10682
1061081	561
1061081	1061055
1061081	1061084
1061081	1061097
562	563
562	564
562	565
562	1061054
563	562
563	8145
563	8157
563	10401
565	562
565	566
565	8130
565	1061056
1061054	562
1061054	1061055
1061054	1061056
8145	563
8145	8146
8145	8147
8157	563
8157	564
8157	8162
8157	8171
10401	563
10401	8130
10401	9028
566	565
566	567
566	8110
566	1061034
8130	565
8130	8110
8130	10401
1061056	565
1061056	1061034
1061056	1061054
567	566
567	568
567	8083
567	1061012
8110	566
8110	8111
8110	8113
8110	8130
1061034	566
1061034	1061012
1061034	1061056
568	567
568	571
8083	567
8083	8084
8083	8087
8083	8111
1061012	567
1061012	1061013
1061012	1061034
571	568
571	569
571	8061
571	1062133
569	570
569	571
569	572
569	1062133
570	569
572	569
572	575
572	8676
1062133	569
1062133	571
1062133	1060982
1062133	1061013
8061	571
8061	8060
8061	10681
8676	572
8676	8039
574	573
574	7999
574	8001
576	573
576	8265
576	8465
1060791	573
1060791	1060792
1060791	1060825
8001	574
8001	8941
8001	8943
7999	574
7999	8000
7999	8021
8039	575
8039	8038
8039	8563
8039	8676
1060920	575
1060920	1060904
1060920	1060983
8465	576
8465	7530
8465	8265
578	577
578	7956
578	7968
1061979	577
1061979	1060758
1061979	1061982
7956	578
7956	7957
7956	7960
7968	578
7957	579
7957	7936
7957	7956
7957	7961
581	580
581	582
581	583
581	1060691
1060691	580
1060691	581
1060691	1060690
1060691	1061959
582	581
583	581
583	584
583	585
583	1060662
584	583
585	583
585	586
585	587
585	1060663
1060662	583
1060662	1060663
1060662	1060690
586	585
1060663	585
1060663	1060662
1060663	1062252
1060651	587
1060651	1060647
1060651	1060655
589	588
589	590
589	591
589	1060644
1060648	588
1060648	1060647
1060648	1062548
590	589
590	10725
590	10726
591	589
591	592
591	593
591	1060645
1060644	589
1060644	1060645
1060644	1060647
10726	590
592	591
593	591
593	607
593	1061969
1060645	591
1060645	1060644
1060645	1062174
607	593
607	599
1061969	593
1061969	1060633
1061969	1061968
1061969	1062558
1084969	594
1084969	1060542
1084969	1084970
1084862	597
1084862	1062493
1084862	1084863
8277	598
8277	8278
8277	9048
8277	10851
10851	598
10851	8277
10851	8280
10549	598
10549	10548
599	600
599	607
1062530	600
1062530	1062531
1062530	1062557
1062530	1090025
10844	601
1062479	602
1062479	1062179
1062479	1085325
1089992	603
1061921	604
1061921	605
1061921	1061919
1061921	1061920
606	605
608	609
608	610
608	612
608	682
609	608
609	684
609	702
609	388727
610	608
610	683
610	698
610	702
612	608
612	611
612	619
612	684
682	608
682	619
682	696
684	609
684	612
684	613
684	388570
702	609
702	610
702	701
388727	609
388727	701
388727	388426
388727	388427
698	610
698	699
698	700
698	808
683	610
683	619
683	635
683	659
611	612
611	613
611	614
613	611
613	684
613	703
613	388570
614	611
614	618
614	622
619	612
619	618
619	682
619	683
703	613
703	704
388570	613
388570	684
388570	388428
388570	388571
618	614
618	619
618	659
622	614
622	620
622	621
622	659
615	616
615	617
615	623
616	615
616	808
616	811
617	615
623	615
623	624
623	625
808	616
808	698
808	699
808	828
811	616
811	831
811	1013
659	618
659	622
659	635
659	683
620	621
620	622
620	628
620	1740
621	620
621	622
621	660
628	620
628	627
628	695
1740	620
1740	1741
1740	1744
660	621
660	661
660	704
624	623
624	831
624	1012
625	623
625	626
831	624
831	811
831	842
1012	624
626	625
626	634
626	685
634	626
634	635
634	645
685	626
685	662
685	879
685	2689
627	628
627	629
627	637
627	638
629	627
629	637
629	668
629	669
638	627
638	639
638	653
637	627
637	629
637	636
637	639
695	628
668	629
669	629
686	630
686	687
686	692
686	10451
10451	630
10451	686
10451	10106
10451	388569
388440	630
388440	388437
388440	388438
707	631
707	10447
388438	631
388438	388429
388438	388437
388438	388439
388438	388440
632	633
632	1514
632	1557
633	632
633	1514
633	2769
1557	632
1557	2770
1557	2772
1514	632
1514	633
1514	1513
2769	633
2769	2770
2769	2772
635	634
635	646
635	659
635	683
645	634
645	646
645	2169
646	635
646	645
646	681
646	1758
636	637
636	639
636	672
639	636
639	637
639	638
639	653
672	636
672	641
672	10481
653	638
653	639
653	652
653	667
640	641
640	642
640	673
641	640
641	654
641	655
641	672
641	673
642	640
642	649
642	651
673	640
673	641
673	664
673	666
654	641
654	652
654	655
654	671
654	674
655	641
655	651
655	654
655	676
649	642
649	650
649	651
651	642
651	649
651	655
643	644
643	650
643	657
644	643
644	664
644	665
644	666
650	643
650	649
650	656
657	643
657	656
657	677
664	644
664	673
664	694
664	10447
665	644
666	644
666	673
2169	645
2169	1758
2169	2358
681	646
1758	646
1758	1757
1758	2167
1758	2169
647	648
647	678
647	687
647	1056
648	647
648	1399
648	2160
648	2621
678	647
678	1403
678	2166
1056	647
1056	2630
1056	10106
1056	388568
687	647
687	686
687	10106
1399	648
1399	1392
1399	1746
2621	648
2621	2624
2621	10107
2621	388456
2160	648
2160	1665
2160	1746
2160	10107
656	650
656	657
656	658
656	676
652	653
652	654
652	670
670	652
670	667
670	671
670	1737
667	653
667	670
667	688
671	654
671	670
671	674
674	654
674	671
674	675
674	1743
676	655
676	656
676	675
676	691
658	656
658	691
658	1738
677	657
677	680
1738	658
1738	1739
1738	2165
691	658
691	676
691	690
691	1031
661	660
661	704
661	705
661	388439
704	660
704	661
704	703
705	661
705	706
388439	661
388439	388438
388439	388441
662	685
694	664
10447	664
10447	706
10447	707
688	667
688	689
688	1737
688	1745
1737	670
1737	688
1737	1742
10481	672
675	674
675	676
675	690
1743	674
1743	697
1743	1761
690	675
690	691
690	697
690	1031
680	677
680	679
680	1829
680	2164
1403	678
1403	1390
1403	1392
1403	1402
2166	678
679	680
1829	680
1829	1739
1829	1830
696	682
879	685
879	842
879	2669
2689	685
2689	2359
2689	2669
2689	3221
692	686
692	2159
10106	687
10106	1056
10106	10451
689	688
1745	688
1745	1744
1745	2157
1745	2158
697	690
697	1743
697	1748
1031	690
1031	691
1031	1749
1031	2165
2159	692
1748	697
1748	1749
1748	1753
699	698
699	796
699	808
700	698
700	701
700	797
796	699
796	788
796	797
701	700
701	702
701	388727
797	700
797	790
797	796
797	389118
706	705
706	10447
706	388441
388441	706
388441	388439
708	709
708	777
709	708
709	780
709	789
777	708
777	789
777	790
777	389121
780	709
780	778
780	779
780	389119
789	709
789	777
789	788
710	711
710	919
710	921
711	710
711	863
919	710
919	918
919	1060
921	710
921	714
863	711
863	1039
863	389013
863	389360
712	713
712	714
712	715
713	712
713	922
713	1040
713	382621
714	712
714	921
714	922
714	1060
715	712
715	1060
715	1061
715	1065
922	713
922	714
922	1039
922	389361
1040	713
1040	717
1040	382621
382621	713
382621	1040
382621	382622
382621	395383
1060	714
1060	715
1060	919
1060	1061
1061	715
1061	1057
1061	1060
1061	1263
1065	715
1065	1064
1065	1068
716	717
716	720
716	1037
716	10454
717	716
717	1038
717	1040
717	389291
720	716
720	724
720	732
720	986
1037	716
1037	986
1037	1038
1037	1041
10454	716
10454	1069
1038	717
1038	1037
1038	1041
389291	717
389291	389048
389291	389051
718	719
718	723
719	718
719	721
723	718
723	721
723	724
721	719
721	722
721	723
724	720
724	723
724	727
732	720
732	731
732	988
986	720
986	985
986	988
986	1037
722	721
722	1064
722	1069
1064	722
1064	1065
1064	1079
1069	722
1069	10454
727	724
727	728
727	730
725	726
725	729
725	931
725	1046
726	725
726	1042
726	1044
726	389068
729	725
729	735
729	740
931	725
931	743
931	932
931	1055
1046	725
1046	1044
1046	1047
1046	389084
1042	726
1042	1041
1042	1043
1042	389068
1044	726
1044	1046
389068	726
389068	1042
389068	389063
389068	389084
728	727
728	975
728	1088
728	1089
730	727
730	737
730	975
975	728
975	730
975	751
975	1094
1088	728
1088	1086
1088	1089
1088	1094
1089	728
1089	1079
1089	1081
1089	1088
735	729
735	739
735	755
740	729
740	741
740	746
737	730
737	736
737	1026
731	732
731	733
731	736
733	731
733	734
733	736
733	930
736	731
736	733
736	737
736	738
736	930
988	732
988	734
988	986
988	1036
734	733
734	988
734	1055
930	733
930	736
930	743
930	1055
1055	734
1055	930
1055	931
739	735
739	747
739	748
755	735
755	742
755	761
738	736
738	744
738	929
1026	737
1026	745
1026	973
744	738
744	745
744	927
929	738
929	743
929	754
929	927
747	739
747	746
747	749
748	739
748	749
748	766
741	740
741	1045
741	1047
741	389307
741	389308
746	740
746	747
746	756
746	941
1045	741
1045	757
1045	389307
1047	741
1047	1046
389307	741
389307	1045
389307	389091
389307	389092
389308	741
389308	389082
389308	389092
389308	389298
742	743
742	753
742	755
743	742
743	929
743	930
743	931
753	742
753	754
753	774
745	744
745	973
745	974
745	1026
927	744
927	760
927	929
927	972
973	745
973	751
973	1025
973	1026
974	745
974	972
974	1024
974	1025
756	746
756	757
756	767
941	746
941	813
941	990
749	747
749	748
749	943
766	748
766	765
766	989
943	749
943	813
750	751
750	752
750	925
751	750
751	973
751	975
751	1025
752	750
752	1094
752	1099
925	750
925	926
925	928
925	1023
1025	751
1025	928
1025	973
1025	974
1094	752
1094	975
1094	1088
1099	752
1099	1097
1099	1123
754	753
754	929
754	10657
774	753
774	760
774	773
774	938
10657	754
761	755
761	765
761	787
757	756
757	1045
757	1048
757	389108
767	756
767	768
767	979
1048	757
1048	1052
389108	757
389108	1052
389108	389025
389108	389104
758	759
758	760
758	773
758	782
759	758
759	940
759	1023
759	1024
760	758
760	774
760	927
760	972
773	758
773	774
773	793
782	758
782	781
782	793
782	940
1023	759
1023	925
1023	928
1023	1022
1024	759
1024	928
1024	972
1024	974
940	759
940	782
940	1022
940	1288
972	760
972	927
972	974
972	1024
765	761
765	766
765	810
787	761
787	791
787	938
762	763
762	764
762	769
763	762
763	764
763	1051
763	389102
764	762
764	763
764	1050
764	389113
769	762
769	770
769	984
1051	763
1051	768
389102	763
389102	389077
389102	389104
1050	764
1050	1049
389113	764
389113	775
389113	389114
810	765
810	801
810	812
810	820
989	766
768	767
768	1051
768	1052
979	767
979	806
979	980
1052	768
1052	1048
1052	389108
770	769
770	772
770	805
984	769
984	977
984	10961
805	770
805	806
805	829
772	770
772	771
772	10583
771	772
10583	772
793	773
793	782
793	792
793	794
938	774
938	787
938	794
938	939
1049	775
1049	1050
1053	776
1053	800
389115	776
389115	800
389115	389116
790	777
790	788
790	797
790	389122
389121	777
389121	389120
389121	389122
778	779
778	780
778	804
778	958
779	778
779	780
779	1019
779	389119
804	778
804	828
804	844
958	778
958	799
958	960
958	1019
1019	779
1019	958
1019	1054
389119	779
389119	780
389119	389111
781	782
781	783
781	1134
783	781
1134	781
1134	1132
1134	1133
1134	1289
784	785
784	786
784	801
785	784
786	784
801	784
801	795
801	810
791	787
791	795
791	937
788	789
788	790
788	796
389122	790
389122	389120
389122	389121
795	791
795	801
795	936
937	791
937	834
937	936
937	939
792	793
792	794
792	814
792	815
794	792
794	793
794	938
794	939
814	792
814	824
814	837
815	792
815	837
815	875
939	794
939	834
939	937
939	938
936	795
936	833
936	935
936	937
389118	797
389118	388426
389118	389120
798	799
798	800
798	807
799	798
799	958
799	960
799	1054
800	798
800	1053
800	1054
800	389115
960	799
960	934
960	958
960	959
1054	799
1054	800
1054	1019
1054	389263
920	802
992	802
844	804
844	843
844	1011
828	804
828	808
828	826
828	869
806	805
806	979
806	981
829	805
829	830
829	838
981	806
809	807
809	818
809	953
953	809
953	840
953	933
953	10455
818	809
818	816
818	10457
812	810
812	813
812	823
820	810
820	819
820	833
820	951
1013	811
1013	827
813	812
813	941
813	942
813	943
823	812
823	821
823	942
823	951
942	813
942	823
824	814
824	1145
824	1326
824	1377
837	814
837	815
837	866
875	815
875	888
875	891
816	817
816	818
816	830
816	840
817	816
817	976
817	1003
840	816
840	839
840	952
840	953
830	816
830	829
830	10458
976	817
976	977
976	978
1003	817
10457	818
819	820
819	832
819	845
832	819
832	833
832	834
845	819
845	855
845	864
951	820
951	823
951	855
951	858
833	820
833	832
833	834
833	936
821	822
821	823
821	835
822	821
835	821
835	836
835	838
1145	824
1145	1146
1145	1149
1326	824
1326	871
1326	1181
1326	1387
1377	824
1377	1146
1377	1375
826	827
826	828
826	842
826	847
827	826
827	1013
842	826
842	831
842	879
847	826
847	848
847	859
869	828
869	843
869	868
869	1016
838	829
838	835
838	858
10458	830
834	832
834	833
834	937
834	939
836	835
866	837
866	865
866	945
858	838
858	857
858	951
858	952
839	840
839	852
839	959
852	839
852	856
852	862
959	839
959	850
959	960
959	962
952	840
952	858
952	882
952	883
1073	841
843	844
843	846
843	869
843	1010
846	843
846	851
846	969
1010	843
1011	844
864	845
864	867
864	950
855	845
855	854
855	950
855	951
851	846
851	849
851	850
851	970
969	846
969	956
969	970
969	1016
848	847
859	847
859	868
859	878
849	850
849	851
849	961
849	1005
850	849
850	851
850	959
850	962
1005	849
1005	911
1005	1004
1005	1006
961	849
961	861
961	964
961	971
962	850
962	862
962	959
962	971
970	851
970	956
970	969
970	1008
856	852
856	877
856	883
862	852
862	860
862	877
862	962
854	855
854	903
854	9857
903	854
903	902
903	905
903	2652
9857	854
950	855
950	864
950	1002
950	1014
877	856
877	862
877	876
877	883
883	856
883	877
883	881
883	952
857	858
857	872
857	882
872	857
872	873
872	2645
882	857
882	881
882	952
882	2686
868	859
868	869
868	966
878	859
860	861
860	862
860	876
860	963
861	860
861	961
861	964
861	971
876	860
876	877
876	880
876	2648
963	860
963	964
963	965
963	1004
964	861
964	961
964	963
971	861
971	961
971	962
1039	863
1039	922
389013	863
389013	388972
389013	388998
389360	863
389360	388982
389360	389420
389360	1067784
867	864
867	874
867	893
865	866
865	870
865	886
870	865
870	871
870	884
886	865
886	885
886	944
886	945
945	866
945	886
874	867
874	894
874	7539
893	867
893	901
893	2646
966	868
966	957
966	967
966	2649
1016	869
1016	968
1016	969
871	870
871	1326
884	870
884	2671
884	3217
873	872
2645	872
2645	2652
2645	2665
894	874
894	887
894	994
894	2646
7539	874
891	875
891	888
891	890
891	892
888	875
888	887
888	891
888	948
880	876
880	881
880	2650
2648	876
2648	2650
2648	10445
2669	879
2669	2677
2669	2689
881	880
881	882
881	883
2650	880
2650	2648
2650	2661
2686	882
2686	2665
2686	2685
2686	2688
2671	884
2671	2670
2671	2672
2671	3219
3217	884
3217	1387
3217	2672
3217	4449
885	886
885	897
885	946
897	885
946	885
946	892
946	947
946	949
944	886
944	3220
887	888
887	889
887	894
889	887
948	888
890	891
890	892
890	2653
892	890
892	891
892	946
892	947
2653	890
2653	994
2653	2683
947	892
947	946
947	3220
901	893
901	900
901	1014
2646	893
2646	894
2646	2696
994	894
994	2653
994	3233
896	895
2726	895
2726	2727
2726	9836
2726	9837
898	899
898	3049
898	7586
899	898
899	3114
899	10518
3049	898
3049	3193
3049	10397
7586	898
7586	7587
7586	10397
3114	899
3114	3115
3114	3193
10518	899
10518	7587
10518	8986
900	901
1014	901
1014	950
1014	1002
1014	3224
902	903
905	903
905	904
905	1002
2652	903
2652	2645
2652	2674
904	905
1002	905
1002	950
1002	1014
906	907
906	2727
906	9838
907	906
907	9825
907	9833
2727	906
2727	2726
2727	2947
9838	906
9838	9837
9838	9839
9825	907
9825	7597
9825	9856
908	909
908	955
908	1017
909	908
909	954
909	955
1017	908
1017	1008
1017	2651
955	908
955	909
955	2647
954	909
954	956
954	957
910	911
910	1018
911	910
911	1005
911	1007
911	1008
1018	910
1018	1008
1018	3213
1018	3214
1007	911
1007	1004
1007	3213
1008	911
1008	970
1008	1017
1008	1018
912	913
912	1810
912	1817
912	2601
913	912
913	1432
913	2184
1817	912
1817	1432
1817	2185
1817	2187
2601	912
1810	912
1810	1768
1810	1784
1810	1806
1432	913
1432	1817
1432	1836
2184	913
2184	914
2184	1833
2184	2597
914	915
914	1327
914	2184
915	914
916	917
916	1015
916	6251
916	9409
917	916
917	5895
917	9408
1015	916
1015	5906
1015	6104
6251	916
6251	4966
6251	9406
6251	9409
9409	916
9409	6248
9409	6251
5895	917
5895	4967
5895	5883
5895	9076
9408	917
9408	6104
9408	9076
918	919
918	1057
1057	918
1057	1061
1057	1264
389361	922
926	925
926	1022
926	1123
928	925
928	1023
928	1024
928	1025
1022	926
1022	940
1022	1023
1022	1308
1123	926
1123	1099
1123	1122
1123	1272
932	931
932	1043
1043	932
1043	985
1043	1042
933	934
933	953
934	933
934	960
935	936
1288	940
1288	1133
1288	1286
1288	1308
990	941
3220	944
3220	947
3220	3228
949	946
10455	953
956	954
956	957
956	969
956	970
957	954
957	956
957	966
957	968
2647	955
2647	2649
2647	2651
968	957
968	1016
965	963
965	3210
965	3213
965	3215
1004	963
1004	1005
1004	1007
3215	965
3215	2655
3215	2658
3215	3210
3213	965
3213	1007
3213	1018
3213	2655
3210	965
3210	3211
3210	3212
3210	3215
967	966
2649	966
2649	2647
2649	2664
977	976
977	984
978	976
980	979
982	983
982	5370
982	6107
983	982
983	5346
983	10707
5370	982
5370	5371
5370	5372
5370	5377
6107	982
6107	5339
6107	5371
6107	10587
5346	983
5346	5338
5346	5350
10707	983
10961	984
985	986
985	987
985	1043
987	985
1036	988
993	991
8464	991
8464	8458
8464	8463
3233	994
3233	3232
995	996
995	8967
996	995
996	7755
996	7791
996	8969
8967	995
8967	7755
8967	7767
8967	9038
7755	996
7755	7756
7755	7757
7755	8967
7755	8969
8969	996
8969	7755
8969	8970
7791	996
7791	7790
7791	8970
997	998
997	7789
998	997
998	7807
998	8916
7789	997
7789	7786
7789	7804
7807	998
7807	7786
7807	7806
8916	998
8916	7804
8916	8754
8916	8917
999	1000
999	8721
1000	999
1000	8918
1000	9041
8721	999
8721	7781
8721	8919
9041	1000
9041	7781
9041	9040
8918	1000
8918	7812
8918	9040
8447	1001
8447	8440
8447	8456
9077	1001
9077	8434
9077	8636
1006	1005
1021	1009
1021	1172
1021	1246
1021	1253
1027	1009
1028	1009
3224	1014
3224	2688
3224	2712
5906	1015
5906	5876
5906	5905
5906	6100
6104	1015
6104	5872
6104	6105
6104	9408
2651	1017
2651	2647
2651	2656
2651	2668
3214	1018
3214	2655
3214	2656
1172	1021
1246	1021
1253	1021
1308	1022
1308	1141
1308	1288
1308	1309
1029	1030
1029	5150
1029	497284
1030	1029
1030	5145
1030	5152
5150	1029
5150	5151
497284	1029
497284	497154
5152	1030
5152	5143
5152	5146
5152	497154
5145	1030
5145	5143
1749	1031
1749	1748
1749	1754
1749	2165
2165	1031
2165	1738
2165	1739
2165	1749
1032	1033
1032	1683
1032	493091
1033	1032
1033	4589
1033	5147
1033	493090
1033	497146
1683	1032
1683	1645
1683	4589
1683	493041
493091	1032
493091	493041
493091	493088
493091	493090
4589	1033
4589	1683
4589	4590
5147	1033
5147	10147
5147	10159
493090	1033
493090	493073
493090	493091
493090	497147
497146	1033
497146	497147
497146	497149
1034	1035
1034	10126
1035	1034
1035	10118
1035	10138
10126	1034
10126	10122
10118	1035
10118	10105
10118	10117
10118	10119
10138	1035
10138	9603
1041	1037
1041	1038
1041	1042
1041	389063
389063	1041
389063	389049
389063	389068
389084	1046
389084	389068
389084	389082
389263	1054
389263	389262
389263	389266
2630	1056
2630	2626
2630	2631
2630	388685
388568	1056
388568	388566
388568	388569
388568	388684
388568	388685
1264	1057
1264	1059
1264	1263
1264	1067784
1264	1068055
1058	1059
1058	1354
1058	1067850
1059	1058
1059	1264
1059	10453
1354	1058
1354	1063
1354	10452
1067850	1058
1067850	1087217
1067850	1087220
10453	1059
1263	1061
1263	1264
1263	1270
1062	1063
1062	1265
1062	1268
1062	1067833
1063	1062
1063	1268
1063	1354
1265	1062
1265	1267
1265	1303
1265	1067844
1268	1062
1268	1063
1268	1067
1067833	1062
1067833	1067834
1067833	1067835
1067833	1067844
1079	1064
1079	1081
1079	1089
1068	1065
1068	1066
1068	1270
1066	1067
1066	1068
1066	1076
1067	1066
1067	1268
1067	1269
1067	1270
1076	1066
1076	1077
1076	1080
1076	1081
1076	1269
1270	1067
1270	1068
1270	1263
1269	1067
1269	1076
1269	1266
1269	1267
1070	1071
1070	1072
1070	1077
1071	1070
1071	1267
1071	1303
1071	1067861
1072	1070
1072	1074
1072	1078
1077	1070
1077	1076
1077	1266
1077	1276
1303	1071
1303	1265
1303	1068223
1267	1071
1267	1265
1267	1266
1267	1269
1067861	1071
1067861	1067842
1067861	1067860
1067861	1068054
1074	1072
1074	1078
1074	1082
1078	1072
1078	1074
1078	1083
1082	1074
1082	1085
1082	1067898
1570	1075
1080	1076
1080	1081
1080	1087
1081	1076
1081	1079
1081	1080
1081	1089
1276	1077
1276	1083
1276	1091
1276	1275
1266	1077
1266	1267
1266	1269
1083	1078
1083	1092
1083	1276
1087	1080
1087	1086
1087	1277
1085	1082
1085	1084
1085	1092
1067898	1082
1067898	1067868
1067898	1067869
1092	1083
1092	1085
1092	1104
1092	1275
1084	1085
1084	1093
1084	1067913
1093	1084
1093	1098
1093	1105
1067913	1084
1067913	1067911
1067913	1067914
1067913	1067956
1086	1087
1086	1088
1086	1090
1090	1086
1090	1091
1090	1097
1277	1087
1277	1091
1091	1090
1091	1101
1091	1276
1091	1277
1097	1090
1097	1099
1097	1100
1101	1091
1101	1100
1101	1274
1101	1275
1275	1092
1275	1101
1275	1276
1275	1279
1104	1092
1104	1103
1104	1279
1098	1093
1098	1102
1098	1109
1098	1067956
1105	1093
1105	1103
1105	1334
1096	1095
1096	1435
1096	1452
3473	1095
3473	3258
3473	3379
1463	1095
1463	1427
1463	1435
1463	1454
1435	1096
1435	1418
1435	1437
1435	1463
1452	1096
1452	1436
1452	1456
1100	1097
1100	1101
1100	1106
1102	1098
1102	1110
1102	1111
1102	1067960
1109	1098
1109	1107
1109	1111
1109	1127
1067956	1098
1067956	1067876
1067956	1067913
1067956	1068080
1106	1100
1106	1272
1106	1274
1274	1101
1274	1106
1274	1108
1274	1273
1110	1102
1110	1115
1110	1116
1110	1067970
1111	1102
1111	1109
1111	1117
1111	1119
1067960	1102
1067960	1068224
1067960	1068225
1103	1104
1103	1105
1103	1107
1107	1103
1107	1108
1107	1109
1279	1104
1279	1108
1279	1275
1279	1333
1334	1105
1272	1106
1272	1113
1272	1123
1272	1273
1108	1107
1108	1274
1108	1278
1108	1279
1278	1108
1278	1127
1278	1273
1127	1109
1127	1119
1127	1126
1127	1278
1115	1110
1115	1116
1115	1121
1116	1110
1116	1115
1116	1117
1067970	1110
1067970	1067971
1067970	1068135
1117	1111
1117	1116
1117	1137
1119	1111
1119	1118
1119	1127
1119	1284
1112	1113
1112	1114
1112	1126
1113	1112
1113	1272
1113	1335
1114	1112
1126	1112
1126	1127
1126	1128
1335	1113
1121	1115
1121	1120
1121	1068135
1137	1117
1137	1136
1137	1284
1118	1119
1118	1135
1118	1285
1135	1118
1135	1128
1135	1151
1285	1118
1285	1190
1285	1341
1284	1119
1284	1137
1284	1282
1284	1342
1120	1121
1120	1125
1120	1347
1347	1120
1347	1158
1347	1348
1125	1120
1125	1124
1125	1085541
1068135	1121
1068135	1067970
1068135	1067973
1068135	1068086
1122	1123
1122	1129
1122	1309
1129	1122
1129	1130
1129	1141
1309	1122
1309	1308
1124	1125
1124	1131
1124	1139
1124	1211
1124	1067984
1131	1124
1131	1144
1131	1067988
1139	1124
1139	1155
1139	1177
1211	1124
1211	1159
1211	1238
1067984	1124
1067984	1067981
1067984	1067985
1085541	1125
1128	1126
1128	1135
1128	1151
1151	1128
1151	1135
1151	1147
1151	1168
1151	1188
1130	1129
1141	1129
1141	1140
1141	1143
1141	1308
1144	1131
1144	1156
1144	1304
1067988	1131
1067988	1067986
1067988	1067990
1067988	1068098
1132	1133
1132	1134
1132	1375
1133	1132
1133	1134
1133	1286
1133	1288
1375	1132
1375	1146
1375	1150
1375	1377
1286	1133
1286	1140
1286	1150
1286	1287
1286	1288
1289	1134
1136	1137
1136	1138
1136	1152
1138	1136
1152	1136
1152	1157
1152	1282
1155	1139
1155	1156
1155	1243
1177	1139
1177	1175
1177	1349
1177	1350
1140	1141
1140	1143
1140	1286
1143	1140
1143	1141
1143	1142
1143	1287
1142	1143
1142	1147
1142	1148
1147	1142
1147	1148
1147	1151
1147	1183
1148	1142
1148	1147
1287	1143
1287	1183
1287	1286
1287	1311
1304	1144
1304	1292
1304	1067989
1156	1144
1156	1155
1156	1351
1146	1145
1146	1150
1146	1375
1146	1377
1149	1145
1149	1150
1149	1161
1150	1146
1150	1149
1150	1286
1150	1317
1150	1375
1150	10698
1183	1147
1183	1182
1183	1188
1183	1287
1161	1149
1161	1160
1161	1358
1317	1150
1317	1318
1317	1319
1317	10656
10698	1150
10698	1174
10698	1318
1168	1151
1168	1188
1168	1190
1168	1196
1188	1151
1188	1168
1188	1183
1188	1187
1157	1152
1157	1158
1157	1159
1282	1152
1282	1283
1282	1284
1153	1154
1153	1344
1153	4094
1154	1153
1344	1153
1344	1345
1344	1353
4094	1153
4094	4092
4094	4107
1243	1155
1243	1202
1243	1242
1243	1292
1351	1156
1158	1157
1158	1347
1158	10877
1159	1157
1159	1205
1159	1211
10877	1158
1205	1159
1205	1204
1205	1283
1205	1290
1160	1161
1160	1163
1160	1165
1165	1160
1165	1164
1163	1160
1163	1162
1163	1359
1358	1161
1162	1163
1162	1164
1162	1167
1164	1162
1164	1165
1164	1169
1164	1184
1167	1162
1167	1166
1167	1360
1359	1163
1169	1164
1169	1166
1169	1171
1184	1164
1184	1352
1184	1376
1166	1167
1166	1169
1166	1170
1170	1166
1170	1171
1170	1178
1360	1167
1190	1168
1190	1189
1190	1283
1190	1285
1196	1168
1196	1189
1196	1195
1171	1169
1171	1170
1171	1181
1178	1170